82.945595 54.461697 44.779999
83.850319 54.327583 45.290001
84.487953 54.180775 45.599998
84.544662 54.803989 43.439999
84.622574 54.643936 44.189999
85.969055 54.656746 44.27
86.04026 54.406944 43.799999
84.310486 54.445801 41.84
84.168091 54.818424 42.32
83.128838 55.036907 42.740002
83.591515 55.036907 42.689999
85.584686 55.049747 41.470001
85.969055 55.230808 42.080002
85.69857 54.618565 42.75
86.438881 54.657162 43.5
87.364281 54.360764 43.380001
85.69857 53.721779 44.43
84.381668 53.941536 43.889999
83.712608 53.650711 42.389999
83.919868 54.012589 42.619999
84.327202 54.18681 42.689999
81.575844 55.159412 42.400002
82.590622 55.165894 43.389999
82.719276 55.444679 43.349998
83.676865 55.165894 42.52
82.697823 55.793995 41.950001
85.127617 55.878551 41.650002
85.93515 56.171246 41.880001
85.863663 56.29483 42.169998
85.899376 56.28384 42.619999
86.728394 56.159889 43.630001
85.370697 56.753613 43.900002
85.76535 56.075073 42.700001
87.049736 56.062569 42.259998
88.140358 55.781239 42.049999
88.642609 55.722298 42.450001
88.78611 55.493301 42.82
88.169075 54.956692 43.599998
88.298203 55.579266 44.490002
87.87487 55.815598 43.599998
86.647934 55.93375 43.610001
87.731361 56.491837 44.25
89.403183 56.355774 44.84
88.613914 55.84211 45.82
87.506767 55.894741 46.279999
88.659637 55.61158 46.700001
86.188103 55.374435 47.360001
85.510735 55.166855 46.799999
85.121643 55.523678 46.52
86.324997 54.882767 47.220001
87.98954 54.367348 45.509998
89.178497 55.013866 46.799999
90.165649 55.206223 48.459999
91.606827 55.52449 49.419998
91.405037 55.000641 50.32
91.030388 55.241241 52.400002
91.051964 55.620464 50.09
91.824402 55.840065 50.119999
90.194511 55.826736 51.580002
93.041397 56.054092 53.720001
93.215256 56.160912 55.439999
91.252129 56.200943 55.200001
93.113815 55.66687 55.630001
91.469444 55.44656 56.5
91.73748 55.334801 54.790001
93.30941 55.515648 54.959999
93.744072 55.455364 55.639999
93.273209 54.926258 56.279999
93.150047 54.928879 53.830002
94.62056 55.332024 55.119999
94.698677 55.379055 55.709999
94.422287 54.814663 58.099998
94.211403 54.310699 58.59
93.60775 54.234943 59.5
95.382317 54.531586 63.200001
95.615021 54.470921 65.089996
96.378662 54.086674 67.989998
93.993195 54.020287 71.120003
92.436821 54.534462 65.580002
93.36776 54.629181 65.099998
93.818634 54.723907 63.5
91.164101 54.999363 60.450001
90.654984 54.524094 57.68
90.90229 54.191334 57.990002
92.976883 54.537643 61.23
92.487465 54.442604 62.630001
90.230217 54.968437 65.849998
90.544342 55.138855 61.709999
93.488251 55.363808 63.110001
93.648941 55.581921 64.279999
92.779663 55.540695 62.709999
95.467865 56.08131 61.040001
94.825012 56.245598 61.77
96.001144 56.300323 62.139999
95.16835 56.383606 60.639999
96.395576 56.349266 57.400002
96.460014 57.194229 58.5
98.008125 57.11174 59.470001
99.057304 56.74081 56.990002
100.245895 56.550442 58.57
100.399979 56.633217 58.779999
101.185036 57.136593 59.400002
100.179878 56.8125 62.299999
101.427193 57.514793 62.490002
103.026657 57.507912 61.779999
102.975319 57.777843 63.5
102.879929 58.096199 64.120003
103.760368 57.848648 62.049999
104.435394 57.758347 61
103.844154 57.702778 61.650002
104.486046 57.265129 63.209999
103.689186 57.618389 60.169998
105.681267 57.277012 62.169998
105.371391 57.26305 63
104.86235 56.977489 64.169998
106.839584 56.991356 64.279999
106.197739 57.396877 66.120003
107.518341 57.760506 66.360001
107.201118 57.907318 67.720001
102.309547 58.424854 63.709999
103.866241 58.344337 64.25
102.206245 58.617928 64.620003
106.211578 58.421471 65.150002
105.181931 58.295162 65.739998
106.841164 58.028572 66.860001
107.641129 57.99371 67.839996
110.085533 58.366997 68.699997
110.75956 58.395184 67.559998
111.789154 58.444485 68.190002
111.744713 58.552605 66.449997
113.048332 58.100128 65.519997
112.359497 57.916317 64.940002
114.129822 57.350746 66.440002
111.878014 57.049904 64.220001
113.381676 56.943443 64.849998
111.995743 57.106735 64.779999
111.906441 57.561016 64.269997
113.803429 56.801456 64.959999
115.194519 57.38501 66.029999
114.190239 57.976456 67.580002
107.948853 58.767437 65.410004
106.974327 58.888596 66.690002
107.651291 58.711281 66.57
107.651291 59.398067 65.010002
110.344215 59.634109 66.110001
109.793755 60.192135 66.519997
108.663025 60.728638 69.389999
110.768272 60.546967 69.989998
113.052071 59.922112 72.339996
114.044334 60.245285 73.510002
116.488487 59.756901 73.400002
116.847244 59.870396 74.589996
111.869286 61.211292 75.699997
114.821671 61.18961 77.690002
113.012825 61.341053 79.830002
108.483398 62.107307 82.18
108.969215 62.288116 77.75
107.728432 62.874123 81.25
111.114441 63.358887 77.32
112.796089 62.476246 78.599998
110.000679 62.222778 78.519997
110.718216 62.658321 80.099998
110.682152 62.868847 83
106.181236 64.141205 85.129997
105.309586 64.527344 88.580002
99.230743 65.285042 87.419998
99.967125 65.714867 90.300003
104.88131 65.52552 89.349998
99.989624 65.518898 91
101.545067 65.029266 89.150002
101.905731 64.98542 93.389999
100.55323 66.330132 96.18
97.464935 66.176712 96.089996
97.389786 67.231873 98.709999
99.245743 67.832985 89.910004
99.306686 67.099876 91.879997
103.369225 66.689362 90.25
100.718788 66.901588 91.300003
104.569931 65.761513 90.620003
105.415657 65.15094 87.269997
106.857918 64.849335 84.580002
104.887047 65.695602 87.419998
107.726349 65.26757 89.099998
103.935623 65.319252 91.230003
105.982018 64.426361 87.449997
102.916153 64.905998 89.059998
102.810455 63.639252 85.830002
99.359543 64.135399 88.949997
96.782974 65.120285 91.470001
95.857071 64.949944 92.059998
93.98259 65.351929 95.160004
95.606651 64.802116 94.169998
95.227188 64.802116 91.690002
95.743256 65.441025 89.57
98.179337 65.890732 84.43
98.786469 66.330559 77.629997
98.391846 66.255997 81.080002
97.739174 66.636246 81.709999
94.42276 67.128273 78.980003
95.690109 67.036446 75.550003
94.195076 66.72226 85.980003
92.244324 66.505371 86.639999
84.222076 67.410477 82.589996
67.551704 65.810883 83.220001
71.146858 66.013588 77.209999
66.437317 67.094376 72.209999
73.909958 65.968575 71.339996
71.642982 66.531456 72.5
66.116714 67.678574 73.300003
60.697292 69.97625 78.849998
68.765366 71.083618 80.309998
67.116631 71.980049 74.519997
67.925728 73.134171 80.809998
67.315086 75.220306 82.629997
67.068962 75.310974 85.599998
71.532028 73.406303 86.230003
68.554085 74.058472 83.919998
65.453011 74.240501 82.709999
63.952515 72.996376 88.529999
63.737049 71.843231 91.309998
66.93045 70.970749 89.589996
63.68317 71.93911 92.550003
59.574097 72.418404 97.800003
56.888561 71.315208 92.629997
53.033417 71.87822 92.290001
58.550663 72.236679 91.300003
59.027771 73.891922 93.589996
63.247757 73.236 90.690002
65.301506 72.328247 87.589996
66.502754 72.481964 86.309998
67.487 72.474274 85.220001
67.161499 72.221863 89.720001
68.114784 71.212112 86.949997
72.059525 70.99588 89.980003
68.750244 71.778511 91.550003
68.990509 70.282379 94.150002
71.710762 70.167282 96.199997
73.276253 67.980545 93.709999
73.687012 68.545036 92.169998
71.331017 68.529617 91.900002
71.578072 69.814827 92.290001
69.995903 69.768669 91.25
68.5541 71.120644 89.580002
73.362854 69.430618 91.93
76.425827 69.515495 93.410004
77.010353 70.356682 93.349998
78.873032 68.357895 93.75
78.553505 70.042404 93
80.252556 70.003708 93.650002
80.57206 70.684814 93.870003
79.543304 70.584213 97.529999
81.655403 71.41922 98.779999
83.175194 70.767296 98.669998
81.793755 71.543404 97
80.258919 72.001305 98.370003
83.994263 71.459694 102.839996
85.270691 71.436356 103.18
84.636383 70.984985 103.489998
81.096825 71.592041 102.529999
83.892456 70.673637 107.43
85.842354 71.639091 109.739998
85.693535 72.078651 112.940002
85.803215 72.918396 115.059998
86.930847 71.450729 113.75
87.009163 71.319778 109.32
86.304352 71.366966 108.949997
88.556183 70.037651 108.360001
87.737411 69.691566 107.309998
90.201698 70.104202 111.370003
89.469437 70.963142 110.860001
85.981712 71.40448 107.169998
84.54882 71.475388 105.959999
83.974091 71.585709 104.68
85.060555 71.254036 107.040001
87.501198 70.819122 109.470001
87.186279 71.712585 109.43
89.949745 71.348885 110.809998
90.902367 71.46209 107.949997
91.303902 71.541336 108.279999
92.162132 70.819855 108.589996
93.126572 70.605843 110.260002
94.510056 70.815544 113.639999
94.35984 71.499313 111.239998
96.296684 71.221016 113.190002
93.925049 72.12738 115.360001
87.956406 73.081474 118.269997
90.035553 73.317978 120.370003
86.256714 74.514206 115.220001
86.46225 74.243042 118.879997
84.446358 74.625793 119.190002
86.707321 74.690765 120.010002
88.327972 74.802773 122.830002
85.682167 75.530518 122.760002
81.178413 76.138313 118.489998
85.753662 75.895149 118.360001
84.721069 76.857346 116.669998
87.699715 76.552643 116.089996
87.588509 77.202087 115.489998
89.272438 77.675117 117.839996
86.03167 78.836349 118.739998
85.412094 79.021217 119.970001
84.879898 78.836349 121.010002
88.080971 78.24147 121.860001
88.549644 77.993492 121.730003
89.351868 78.388329 124.540001
91.690865 79.202271 126.690002
91.523178 79.645508 128.910004
93.064384 80.762306 131.660004
93.99073 79.801041 133.679993
94.509796 79.986824 129.729996
94.62159 79.784874 132.619995
97.999519 80.2938 136.380005
95.987114 79.375984 133.690002
96.058998 78.687775 132.199997
94.869164 78.760628 133.110001
98.135284 77.651314 138.070007
99.404961 75.885612 135.410004
99.261246 76.112907 134.199997
100.826843 75.788254 134.660004
100.947266 76.153526 138.720001
102.06311 76.371826 133.580002
103.797081 76.41246 132.690002
103.050499 76.078819 131.029999
102.528694 76.640404 130.279999
105.282166 74.719696 131.660004
106.85556 74.882927 132.320007
107.995514 75.233704 135.410004
106.229446 76.212784 137.380005
106.34182 75.715057 139.350006
105.033333 76.43042 138.220001
102.560814 77.248154 138.369995
105.860481 76.193275 139.259995
107.352013 76.021545 139.199997
107.118202 75.470329 143.660004
106.457085 76.593719 145.050003
107.859993 76.634735 146.740005
109.996544 77.462891 152.369995
108.198616 78.069679 145.300003
108.069603 78.417328 145.630005
107.7229 78.655693 147.490005
107.642334 79.280495 149.699997
105.150986 79.691589 150.220001
102.87738 80.099403 149.240005
102.433899 80.313644 149.940002
102.747314 80.808205 146.259995
108.508141 78.615936 144.929993
108.897057 79.978966 150.25
106.701302 80.705986 155.199997
109.042938 80.425079 156.119995
104.789139 81.507332 158.289993
97.294357 82.548241 161.75
95.706245 85.000427 169.970001
91.266121 86.209534 179.949997
95.584747 85.580147 177.470001
95.487495 86.573898 183.240005
93.923714 87.264786 180.699997
98.461105 86.310287 176.029999
92.471298 87.588455 159.800003
92.153648 87.206657 158.059998
94.238617 85.969994 159.179993
99.825661 85.14502 163.399994
100.965889 85.411102 159.520004
104.736748 84.945404 169.619995
102.195671 86.583794 170.850006
103.156723 86.408897 173.960007
99.345146 87.000648 167.619995
94.751678 87.250626 163.399994
101.69072 86.77562 169.820007
102.659912 86.901207 166.399994
99.027504 88.320663 155.229996
103.589645 87.285294 156.309998
102.860199 88.145271 151.990005
104.671516 87.828209 157.199997
105.597672 88.388573 159.259995
108.146645 87.368095 162.070007
108.0401 88.430412 168.970001
110.269402 88.020531 167.639999
110.121895 88.187126 167.139999
111.802086 87.885414 167.350006
112.228287 88.10331 172.229996
112.539719 88.011101 166.339996
112.752785 87.85154 166.380005
114.990311 86.147728 161.300003
114.95916 86.525383 161.529999
115.914101 86.684868 162.119995
115.074455 86.928322 158.309998
112.892982 88.389091 160.850006
113.559746 88.557266 159.539993
115.568398 88.784271 161.380005
112.777733 89.070175 159.470001
111.633492 89.632988 153.559998
106.801338 90.399284 154.550003
108.744095 90.27298 152.679993
105.500656 92.049774 157.5
109.567291 91.047997 154.729996
110.423386 91.461304 157.839996
110.432884 90.735901 152.639999
112.617371 91.031075 155.190002
112.112625 91.655243 153.710007
112.327751 92.137657 154.139999
112.923531 92.424835 153.669998
114.752182 91.850433 157.539993
115.306602 91.571709 155.550003
116.53952 91.352379 157.179993
117.648308 90.27803 156.720001
117.093918 91.225456 161.970001
116.804291 92.198318 164.220001
119.427383 91.318527 168.440002
121.835281 90.276207 171.800003
120.701668 91.148674 171.960007
119.76545 91.877251 171.889999
121.570564 91.182579 172.619995
118.867004 91.725403 170.059998
119.282913 90.962059 166.970001
117.585922 91.140099 165.929993
117.760597 91.284332 162.600006
114.932205 92.392456 167.820007
113.443115 92.604759 165.880005
117.585922 91.848839 169.610001
118.251389 92.409454 166.050003
118.467651 92.282043 165.160004
118.209801 91.939201 164.130005
118.783798 91.530914 160.330002
117.314003 91.896629 160.539993
122.625504 90.697327 160.440002
123.211922 91.046524 161.059998
124.267548 91.191254 163.089996
125.876091 90.552582 160.649994
126.705505 89.93087 161.449997
127.174698 90.629562 161.570007
127.434334 90.424957 155.759995
127.250015 90.766022 152.970001
127.434334 91.499367 152.440002
130.224182 90.199234 152.710007
130.550873 90.754173 154
130.937973 91.257896 155.550003
131.838394 91.642097 154.449997
130.567703 92.623947 152.809998
133.630798 92.714996 143.949997
130.836975 92.826126 135.470001
133.159515 93.091179 140.910004
135.793472 92.432899 142.089996
137.510101 91.87146 139.600006
140.480591 91.520546 131.070007
139.108948 91.092468 133.759995
137.543793 90.150963 133.919998
138.679764 89.774353 133.279999
137.316544 90.289825 134.429993
133.858002 87.452713 125.050003
135.708328 87.855576 119.110001
137.907867 86.158455 118.089996
141.706192 87.416969 124.129997
143.110413 88.189484 125.110001
143.059708 87.691658 128.779999
144.616226 87.391251 126.360001
143.228943 87.770058 126.860001
140.284973 86.068291 132.580002
140.953217 86.068291 134.899994
138.440735 86.300323 134.619995
140.462616 85.260376 134.149994
143.245834 85.715919 127.82
144.421707 86.929588 127.959999
143.586975 87.747292 128.970001
143.569992 87.592369 126.529999
144.734558 87.54277 122.599998
148.245422 88.197914 126.849998
149.571548 88.87899 130.460007
149.792542 87.947945 126.949997
150.710648 87.369354 124.279999
153.056824 87.965073 124.32
153.702942 87.792412 119.919998
153.864471 87.801056 120.699997
153.813446 86.903076 118.550003
151.407715 87.052124 119.379997
154.340469 86.861855 115.940002
157.135696 85.979736 117.120003
156.315216 86.251297 119.290001
157.38356 87.160866 120.260002
156.956192 87.455368 120.93
152.896393 88.061752 122.290001
152.289566 88.598808 120.089996
153.571594 88.408188 122.169998
157.28096 88.360138 127.150002
157.169861 88.420929 127.580002
159.221176 88.91555 127.620003
160.904892 87.856918 129.089996
157.827972 89.059837 133.100006
159.144226 88.277573 128.470001
159.237122 88.407913 124.559998
160.018295 88.286263 125.57
155.820389 89.313538 126.93
160.009674 88.634315 124.75
159.923904 88.904289 125.43
161.443344 89.304802 125.059998
161.357529 89.622818 124.099998
161.434814 90.27713 124.5
163.409286 90.373032 124.510002
165.409454 90.713287 120.43
167.72731 89.683853 120.610001
166.654251 89.843811 122.959999
168.208115 89.817543 126.5
168.910583 90.44677 126.660004
170.963501 89.502953 127.160004
169.59201 90.658508 128.779999
170.540878 90.851135 126.129997
170.549438 90.964943 125.790001
166.046814 90.676025 124.379997
166.68512 91.357391 126.190002
168.82431 92.032799 125.480003
171.81749 91.576683 123.190002
173.128586 92.015259 123.860001
173.473587 91.102989 122.059998
171.765732 90.267593 118.379997
173.119934 90.460854 117.089996
171.50264 90.838684 117.059998
170.306778 91.348328 114.610001
165.12442 92.730064 117.589996
163.330582 93.399132 118.989998
170.22876 92.941322 118.349998
174.761139 92.448357 112.660004
176.217056 92.580406 112.970001
176.996979 92.678497 114.470001
179.111557 92.784386 115.389999
179.562164 93.639694 112.110001
180.255432 92.678497 114.43
174.093903 94.523018 117.410004
178.9729 93.816368 114.769997
181.633743 93.092018 114.830002
179.010864 94.238579 114.080002
177.982666 95.512489 117.260002
175.699509 96.485527 122.519997
178.610001 96.635933 124.230003
173.799896 97.794792 123.449997
179.115463 95.415169 118.639999
182.801422 94.969971 117.980003
184.073669 94.456039 115.279999
183.568268 95.377556 116.160004
180.814636 93.472481 111.860001
179.359421 94.569946 110.879997
183.350449 96.123039 113.57
180.081299 95.954422 115.059998
180.693985 96.220665 115.279999
183.845001 96.073997 115.970001
182.015594 96.874054 115.599998
185.254242 96.56292 113.050003
184.440186 94.918442 113.080002
185.227951 95.009102 113.970001
185.945694 95.018082 117.529999
186.427063 94.510597 115.599998
184.807816 95.187164 114.099998
183.608688 92.934769 112.239998
183.818756 93.23349 113.230003
184.518967 94.294594 115.120003
184.545746 92.814407 112.559998
182.338089 93.331596 111.760002
182.487625 93.449043 111.489998
186.885345 93.824112 108.650002
182.944962 94.484962 105.349998
185.143845 95.056488 104.93
182.900986 95.047562 104.650002
184.19397 95.042236 106.849998
174.000031 96.285431 111.129997
175.27536 95.292618 108.699997
169.391251 95.677223 107.489998
173.041321 95.478302 106.160004
171.906738 96.024796 109.209999
170.50174 95.738121 109.809998
172.402573 97.028122 108.989998
177.999023 96.395309 110.870003
179.714249 96.924683 112.489998
183.46283 96.431168 111.5
183.834244 96.018486 109.300003
185.699677 94.538094 104.099998
179.068848 95.068703 103.559998
185.054291 95.203461 103.089996
185.275284 95.571892 101.25
185.328354 95.041718 104.019997
178.485321 96.251312 103.110001
176.840836 95.783272 102.040001
182.927185 95.369362 103.050003
181.317383 95.174683 101.459999
170.689301 96.580818 105.68
167.033981 97.337944 104.080002
169.444229 97.229805 105
172.290222 98.347488 106.949997
167.158569 98.924362 112.32
165.984543 99.81797 118.360001
170.760498 99.736702 117.580002
173.508682 99.646431 117.110001
178.257965 98.500038 120.540001
180.3302 97.98925 119.410004
181.770996 98.838905 119.800003
181.582123 98.703392 116.330002
184.979187 99.562119 116.93
182.81575 100.374832 118.43
185.747971 100.094177 117.919998
186.811768 99.053047 117.889999
184.451736 99.587181 123.650002
183.906403 99.958397 123.18
183.048187 100.540108 121.709999
183.700775 99.397705 119.709999
187.947144 99.370483 115.620003
187.982895 100.540108 118.879997
187.795166 101.198112 121.739998
184.621567 101.443352 123.949997
182.634216 101.888237 126
188.636978 102.687309 128.410004
191.090225 103.476768 130.520004
193.9478 101.767273 126.839996
195.214874 101.949181 126.349998
195.10701 102.812981 128.979996
196.059509 101.730911 127.550003
196.311142 102.328529 127.400002
196.383057 101.855064 127.970001
195.259796 101.481712 126.050003
196.23027 101.527267 126.57
191.656296 101.212357 126.75
191.737213 101.294418 125.059998
195.071976 101.786797 127.650002
195.35199 102.014732 125.639999
194.21402 100.884079 119.739998
192.479965 100.62693 119.360001
193.256653 101.110817 120.830002
191.9561 100.407784 121.580002
188.352539 100.900818 124.389999
195.460327 97.942657 117.099998
197.338913 96.607719 115.150002
200.066467 96.351715 112.610001
198.404633 96.168861 112.139999
204.573105 95.764954 110.400002
203.245514 94.895096 108.050003
205.05217 95.188118 107.93
203.071671 96.12796 109.610001
206.414886 96.375587 111.75
206.269485 96.650719 114.209999
205.987869 96.12796 115.050003
208.013824 96.03627 113.489998
208.349945 96.118835 116.129997
210.321335 96.650269 117.599998
213.573624 96.613503 117.68
215.072647 97.430962 119.699997
216.598877 96.04406 117.510002
215.935684 95.63343 114.720001
215.33609 96.323227 116.989998
213.380524 97.013016 118.860001
215.095856 97.114166 118.720001
214.60318 97.132568 119.459999
212.148758 98.504158 122.599998
214.04657 98.476517 122.309998
217.230942 98.190956 120.769997
218.709076 97.629089 117.010002
218.052139 97.960342 116.830002
217.440796 98.7537 119.400002
220.543091 98.707588 120.540001
222.787659 99.233383 121.610001
222.094208 99.098869 120.540001
221.391586 99.514603 119.339996
222.920563 99.597748 119.43
221.701096 98.498322 118.019997
221.985367 97.722206 115.279999
225.148544 98.451164 116.769997
226.358841 99.135841 119.260002
226.386322 98.839737 120.690002
226.844803 98.941528 119.650002
223.828262 99.669121 122.790001
222.535461 99.687683 122.300003
224.231689 99.910049 122.739998
227.239044 99.863724 126.059998
226.083786 100.830162 127.970001
228.476822 99.948441 125.529999
229.841064 99.298775 123.239998
231.490387 98.862572 121.580002
234.383682 98.491302 121.089996
234.918121 99.32637 123.82
236.908386 98.564201 121.610001
237.461258 98.387581 120.900002
238.143112 98.870949 120.620003
237.811401 98.521194 121.129997
237.599457 98.847038 122.860001
239.90303 98.940147 122.32
243.680908 98.614265 121.589996
244.648407 98.745155 118.480003
245.569824 98.940918 119.18
247.751175 97.93399 120.940002
247.149216 98.582001 123.650002
253.224716 98.189789 125.330002
257.392334 97.648178 126.959999
259.698303 96.919823 126.419998
265.412598 96.901146 128.070007
255.104736 95.453735 126.389999
242.185135 95.609253 124.769997
252.937546 95.412811 127.959999
254.419342 95.525032 126.139999
249.205215 95.468956 125.389999
258.272186 95.477203 125.540001
253.947113 95.898796 124.599998
239.947098 96.207909 127.610001
244.689316 96.666916 125.790001
241.499939 96.413986 126.389999
246.548981 96.258713 127.449997
247.906586 95.310951 126.629997
247.860092 95.329712 125.5
247.357941 95.376625 124.540001
253.708862 95.339897 125
252.295471 94.719376 122.410004
253.057922 95.800575 123.209999
254.406189 95.828766 122.489998
258.674286 95.81073 123.010002
257.688599 95.923775 121.339996
256.613373 96.187508 120.339996
253.381699 96.564323 118.650002
257.248505 96.658524 118.860001
261.143372 96.83802 117.610001
261.227509 96.469955 116.559998
262.852661 96.045258 115.830002
264.888855 95.998055 114.919998
264.477936 96.801743 114.690002
266.252502 96.92466 112.129997
268.540863 97.293457 114.160004
271.156128 97.028679 113.510002
268.624878 96.366776 113.230003
271.688507 96.191071 113.019997
272.72525 95.698387 113.489998
272.76825 95.859459 112.760002
270.047302 94.485558 113.800003
258.910278 95.217644 115.230003
259.191803 95.046753 116.010002
248.946075 96.024658 116.769997
255.101013 94.913849 116.650002
260.608521 95.308243 114.480003
256.827484 96.231155 115.620003
246.994537 96.392899 115.769997
258.628815 96.840088 115.540001
247.294769 97.829597 118.089996
244.386154 97.785942 117.059998
225.837006 98.415207 118.720001
233.809067 99.183098 121.059998
238.187973 99.746819 121.440002
244.407166 99.527069 121.800003
251.466263 98.820053 121.019997
250.824509 99.202225 122.860001
254.863724 99.460205 124.5
255.250595 100.157555 124.209999
261.76236 99.994827 124.800003
263.4328 100.147972 125.5
264.640717 99.161781 121.879997
259.016052 100.474075 122.839996
265.480682 100.809822 122.970001
264.697327 102.008881 123.970001
267.759033 102.325432 122.010002
273.531677 101.423737 121.980003
275.038818 101.189285 121.830002
274.906128 101.237335 120.370003
278.119446 101.804482 121.370003
278.707214 101.391136 120.650002
273.086121 102.210938 121.43
270.943878 102.79847 120.650002
268.043427 103.414902 121.300003
260.924774 104.89817 123.330002
272.659637 105.206383 126.589996
274.18576 105.499405 126.559998
278.678711 105.711678 131.979996
279.081604 106.174919 133.199997
284.282227 105.759941 132.139999
286.368225 105.422813 133.529999
283.053528 105.973869 134.470001
287.663574 105.799828 133.639999
278.719635 107.452965 135.889999
277.767151 108.592133 141.259995
275.128723 110.025421 142.779999
271.318726 110.190056 144.169998
278.557678 110.412819 143.75
283.891693 109.822037 141.919998
286.787292 107.192192 140.149994
284.110809 108.647285 142.949997
282.666962 109.015907 141.059998
281.662231 110.403099 141.899994
283.509033 108.715561 140.029999
285.12619 108.764122 140.460007
288.59967 108.404671 141.860001
292.944 108.939018 142.559998
295.623322 107.262985 137.389999
298.350464 108.177574 138.210007
297.556213 108.673798 137.740005
300.761871 108.557045 137.860001
301.297699 107.973267 137.619995
303.64209 108.313446 139.050003
306.905121 107.456001 139.520004
310.462219 108.008202 142.330002
310.02948 108.769279 145.860001
313.202759 108.554626 146.910004
319.203156 108.603409 146.580002
316.145233 109.715797 147.979996
309.375641 111.277023 149.330002
319.443604 110.515915 147.789993
324.63623 110.703468 149
320.674469 111.631706 154.699997
284.883667 114.572723 148.380005
286.037598 117.640755 157.550003
258.978119 114.797714 143.279999
220.014114 116.548782 140.110001
245.121674 118.348778 152.25
240.062958 119.287903 152.649994
269.090332 118.469635 158.690002
277.253876 119.24337 158.570007
273.70401 119.625336 162.639999
273.529907 119.204193 159.779999
282.863983 119.153236 160.419998
276.905701 119.565025 163.929993
285.765717 119.496414 163.210007
294.35495 119.555237 162.910004
308.883087 117.427643 158.009995
294.248505 119.135178 162.619995
298.533508 119.282394 164.029999
291.501923 119.704414 166.539993
303.334961 119.459045 166.979996
308.542206 119.733978 169.190002
312.554535 119.871475 170.119995
311.738525 120.175995 178.699997
317.217804 120.627853 185.429993
325.038544 120.362633 190.809998
327.243805 119.379318 182.539993
329.808594 120.05764 182.029999
340.592346 119.330147 184.389999
332.810547 119.418633 181.639999
324.542999 120.036438 182.449997
321.230164 119.731468 183.199997
320.64328 120.105309 174.940002
325.627533 119.721626 178.539993
338.317505 119.12986 181.080002
338.746704 119.36615 178.300003
337.273865 118.509659 178.639999
318.507141 118.194618 176.199997
341.546143 118.627815 183.190002
349.290771 118.190689 177.160004
346.588928 118.70295 175.690002
354.723785 118.673386 167.789993
360.75174 117.54055 172.320007
357.289063 118.436859 172.490005
360.098175 117.894714 176.440002
361.456848 118.163834 176.350006
366.237122 118.311768 178.360001
373.466248 116.625137 173.339996
368.019897 116.832253 171.130005
375.053101 116.960495 173.899994
362.505005 117.019646 172.610001
379.784393 116.220718 169.809998
384.613617 116.25769 170.690002
382.056976 115.023964 167.009995
372.584595 114.25412 161.809998
375.787811 112.931526 159.139999
386.004578 112.466576 161.490005
381.518219 111.627129 163.240005
389.155762 112.170311 162.240005
393.705933 111.953033 161.979996
404.398438 112.269524 163.270004
410.069 112.941467 166.350006
409.557953 113.158897 166.399994
410.108307 112.645012 165.660004
414.845215 113.13913 171.589996
409.400696 112.876419 172.690002
407.788971 112.935753 176.039993
412.801086 113.123619 178.380005
415.316986 113.489487 177.160004
416.997498 114.399109 175.740005
407.769318 114.329872 164.929993
420.629456 113.686676 166.589996
427.639832 114.537659 167.289993
429.414612 115.267609 169.210007
425.293152 115.812202 169.410004
433.772644 116.069664 168.559998
432.362701 116.554832 169.820007
436.286865 115.881531 164.639999
439.668823 116.164459 166.389999
437.144684 116.451797 166.699997
443.93811 116.085197 170.190002
446.728424 115.926659 171.059998
439.195526 115.827408 167.179993
435.212189 115.500191 163.770004
439.089172 114.72683 163.300003
429.52417 114.627678 164.589996
433.104858 113.536537 164.229996
441.027893 113.695282 165.330002
448.199158 113.070198 167.770004
454.262573 113.73497 166.649994
463.441803 114.806541 169.839996
462.195465 113.805473 174.449997
463.797943 114.04377 172.610001
453.985626 114.55014 166.850006
448.495911 115.533104 166.630005
465.627808 114.607437 166.580002
454.875854 115.273193 167.800003
467.124695 114.69281 168.970001
471.452515 114.374557 170.960007
462.64801 112.126846 167.75
461.288116 111.967728 169.669998
434.745636 112.276039 171.089996
438.68631 111.957771 167.100006
445.386444 110.595215 168.860001
437.207275 110.641708 173.809998
431.023285 110.721344 177.119995
434.517303 110.362953 176.550003
428.978516 112.49337 183.679993
416.967865 110.163536 185.089996
441.237305 108.678886 179.300003
450.74292 105.699608 182.380005
450.971954 106.267563 179.5
445.644958 103.893501 181.470001
435.907013 103.185249 184.039993
424.20755 102.486961 180.289993
410.227936 102.556793 176.910004
409.57077 100.841026 175.419998
399.992157 102.481888 168.789993
387.954163 103.71035 172.029999
413.473907 104.27964 172.850006
408.774231 102.431946 172.580002
388.123413 100.730003 174.539993
364.286377 100.199997 171.270004
390.079987 101.150002 170.089996

